0.6033
3.0
2.0
