0.04446
4.0
1.8
